chetham
29.877648, -97.939193
29.877631, -97.939321
29.876929, -97.939231
29.876948, -97.939072

chetham train
bl: 
29.877136, -97.939257
br: 
29.877193, -97.939092
tr:
29.878049, -97.939163
tl:
29.878025, -97.939500



hopkinks thrope 
bl: 29.885639, -97.925349
br: 29.885382, -97.925400
tr: 29.885030, -97.924878
tl: 29.885147, -97.924646

29.885630, -97.925330
29.885381, -97.925429
29.884331, -97.924090
29.885066, -97.924105



hopkins_bike_ped
29.885655, -97.925340
29.885359, -97.925426
29.884973, -97.925043
29.885088, -97.924407











